Webots Project File version R2025a
perspectives: 000000ff00000000fd00000003000000000000032000000464fc0100000002fb0000001e00480074006d006c0052006f0062006f007400570069006e0064006f00770000000000000003200000000000000000fb0000001a0044006f00630075006d0065006e0074006100740069006f006e0000000000ffffffff0000000000000000000000010000021100000371fc0200000001fb0000001400540065007800740045006400690074006f00720100000019000003710000008900ffffff0000000300000780000000b2fc0100000001fb0000001a0043006f006e0073006f006c00650041006c006c0041006c006c0100000000000007800000006900ffffff0000056d0000037100000001000000020000000100000008fc00000000
simulationViewPerspectives: 000000ff000000010000000200000125000004460100000002010000000100
sceneTreePerspectives: 000000ff000000010000000300000022000000c0000001130100000002010000000200
maximizedDockId: -1
centralWidgetVisible: 1
orthographicViewHeight: 1
textFiles: 0 "../../../RealTime/Ass02/skeleton/main.adb"
consoles: Console:All:All
renderingDevicePerspectives: TIAGo:Astra depth;0;0.895833;0;0
renderingDevicePerspectives: TIAGo:Astra rgb;0;0.895833;0;0
